390.0  5
392.0  12
393.6  95
394.0  70
395.0  30

420.0  15
421.0  35
422.0  88
422.9  120
423.5  80
424.0  40

426.0  30
426.7  90
427.0  65

434.6  110
435.0  85
436.0  40

438.0  50
438.7  95
439.0  60

447.0  70
447.3  105
448.0  80

480.0  20
485.5  60
486.2  130
487.0  90

516.5  55
517.8  125
518.0  90

525.5  50
526.6  120
527.0  80

580.0  30
587.3  140
588.0  110

589.9  150
590.0  130
591.0  70

650.0  30
655.5  70
656.6  145
657.0  120

658.6  95
659.0  70

770.0  40
776.5  95
777.1  160
778.0  120
